5.86884354 6.01396825 -12.00000000
6.02557823 6.17070295 -6.00000000
7.14594104 7.29106576 -12.00000000
7.33170068 7.47682540 -12.00000000
8.82938776 8.97451247 -6.00000000
11.47646259 11.62158730 -5.00000000
11.64480726 11.78993197 -5.00000000
11.84798186 11.99310658 -6.00000000
11.99891156 12.14403628 -8.00000000
12.93931973 13.08444444 -12.00000000
13.05541950 13.20054422 -12.00000000
13.29342404 13.43854875 -12.00000000
28.39219955 28.53732426 -12.00000000
30.32526077 30.47038549 -12.00000000
30.75482993 30.89995465 -12.00000000
31.19020408 31.33532880 -6.00000000
34.23201814 34.37714286 -6.00000000
34.77768707 34.92281179 -6.00000000
36.75718821 36.90231293 -12.00000000
37.07646259 37.22158730 -12.00000000
37.53505669 37.68018141 -12.00000000
64.18575964 64.33088435 -12.00000000
85.00825397 85.15337868 -8.00000000
87.75981859 87.90494331 -12.00000000
87.98621315 88.13133787 -12.00000000
89.24589569 89.39102041 -12.00000000
89.49551020 89.64063492 -6.00000000
90.72616780 90.87129252 -6.00000000
90.95256236 91.09768707 -12.00000000
92.97269841 93.11782313 -6.00000000
95.74167800 95.88680272 -12.00000000
97.44253968 97.58766440 -6.00000000
98.70222222 98.84734694 -6.00000000
98.90539683 99.05052154 -12.00000000
113.32498866 113.47011338 -12.00000000
136.89904762 137.04417234 -6.00000000
137.02095238 137.16607710 -6.00000000
137.24154195 137.38666667 -12.00000000
137.74077098 137.88589569 -12.00000000
137.96136054 138.10648526 -6.00000000
138.22839002 138.37351474 -12.00000000
139.27909297 139.42421769 -6.00000000
144.68934240 144.83446712 -12.00000000
144.85188209 144.99700680 -6.00000000
144.95056689 145.09569161 -6.00000000
145.16535147 145.31047619 -12.00000000
145.69360544 145.83873016 -6.00000000
145.95482993 146.09995465 -6.00000000
146.17541950 146.32054422 -12.00000000
147.24353741 147.38866213 -6.00000000
166.91083900 167.05596372 -6.00000000
167.13723356 167.28235828 -12.00000000
167.33460317 167.47972789 -12.00000000
168.25759637 168.40272109 -6.00000000
168.44335601 168.58848073 -6.00000000
168.93678005 169.08190476 -8.00000000
169.59274376 169.73786848 -6.00000000
169.82494331 169.97006803 -6.00000000
170.89306122 171.03818594 -6.00000000
171.13106576 171.27619048 -8.00000000
177.48172336 177.62684807 -12.00000000
177.72553288 177.87065760 -6.00000000
177.92870748 178.07383220 -12.00000000
178.79365079 178.93877551 -6.00000000
179.00843537 179.15356009 -6.00000000
179.51346939 179.65859410 -6.00000000
180.15782313 180.30294785 -6.00000000
180.34938776 180.49451247 -6.00000000
180.60480726 180.74993197 -12.00000000
181.49297052 181.63809524 -6.00000000
181.73678005 181.88190476 -6.00000000
8.05732426 8.20244898 8.00000000
10.72761905 10.87274376 4.00000000
12.78839002 12.93351474 4.00000000
27.60852608 27.75365079 4.00000000
34.02884354 34.17396825 8.00000000
35.14340136 35.28852608 12.00000000
86.29696145 86.44208617 8.00000000
87.53922902 87.68435374 4.00000000
91.17895692 91.32408163 7.00000000
93.93632653 94.08145125 12.00000000
94.23818594 94.38331066 12.00000000
94.68517007 94.83029478 7.00000000
95.45723356 95.60235828 4.00000000
99.12598639 99.27111111 7.00000000
135.62775510 135.77287982 4.00000000
136.85841270 137.00353741 7.00000000
137.51437642 137.65950113 12.00000000
138.49541950 138.64054422 12.00000000
143.55736961 143.70249433 4.00000000
144.80544218 144.95056689 7.00000000
145.46721088 145.61233560 12.00000000
147.40607710 147.55120181 7.00000000
166.45804989 166.60317460 7.00000000
166.66702948 166.81215420 7.00000000
167.79900227 167.94412698 7.00000000
168.01378685 168.15891156 7.00000000
169.16897959 169.31410431 8.00000000
169.38376417 169.52888889 7.00000000
170.46929705 170.61442177 12.00000000
170.69569161 170.84081633 7.00000000
171.37487528 171.52000000 4.00000000
177.05215420 177.19727891 7.00000000
177.29015873 177.43528345 8.00000000
178.38730159 178.53242630 7.00000000
178.59628118 178.74140590 7.00000000
179.73405896 179.87918367 7.00000000
179.94884354 180.09396825 7.00000000
181.04598639 181.19111111 12.00000000
181.26657596 181.41170068 7.00000000
181.91092971 182.05605442 12.00000000
